-3.0 -2.85098575409663
-2.993993993993994 -3.035473284345349
-2.987987987987988 -2.79368142655778
-2.981981981981982 -2.5250730250595748
-2.975975975975976 -3.046221988392977
-2.96996996996997 -3.0402110570547243
-2.963963963963964 -2.4902001193117465
-2.957957957957958 -2.727727539212085
-2.951951951951952 -3.0927942677324376
-2.945945945945946 -2.7831779328701565
-2.93993993993994 -3.0789652477836786
-2.933933933933934 -3.073652860005011
-2.9279279279279278 -2.8553392464581178
-2.921921921921922 -3.4959059953192613
-2.915915915915916 -3.433391265669826
-2.90990990990991 -3.0785961686822017
-2.903903903903904 -3.207753240004231
-2.8978978978978978 -2.8036236981193157
-2.891891891891892 -3.1642991145482555
-2.885885885885886 -3.3095769962864736
-2.87987987987988 -2.440185249203414
-2.873873873873874 -2.9416067640198347
-2.8678678678678677 -2.8476094064614905
-2.861861861861862 -3.289286317725899
-2.855855855855856 -3.0191706732134107
-2.84984984984985 -2.8165730729368903
-2.843843843843844 -3.1891419170705344
-2.8378378378378377 -2.7251284323341363
-2.831831831831832 -3.0120234388074736
-2.825825825825826 -2.913333950763809
-2.81981981981982 -3.000331803488639
-2.813813813813814 -2.2581303584611323
-2.8078078078078077 -2.8118569752291878
-2.8018018018018016 -3.1191150804885717
-2.795795795795796 -2.549032322164839
-2.78978978978979 -3.1560428847810966
-2.7837837837837838 -2.721124705282357
-2.7777777777777777 -3.3656788149417105
-2.7717717717717716 -3.1702275864413005
-2.765765765765766 -2.706707395005029
-2.75975975975976 -2.538219785761137
-2.7537537537537538 -2.7023432693967626
-2.7477477477477477 -2.78244223246422
-2.7417417417417416 -2.832072850418528
-2.735735735735736 -3.1792923328459644
-2.72972972972973 -2.9456829922481425
-2.7237237237237237 -2.86191535501166
-2.7177177177177176 -2.400581049852043
-2.7117117117117115 -2.6086262248411733
-2.705705705705706 -3.2346177523145263
-2.6996996996997 -2.6024745088812615
-2.6936936936936937 -2.809218377818589
-2.6876876876876876 -2.8907642877794753
-2.6816816816816815 -2.498178795029421
-2.6756756756756754 -2.36637581892689
-2.66966966966967 -2.3902856339348104
-2.6636636636636637 -2.9154289206304553
-2.6576576576576576 -2.750421370413022
-2.6516516516516515 -2.5522726222305825
-2.6456456456456454 -2.3529821075089377
-2.6396396396396398 -2.7833919109932266
-2.6336336336336337 -2.6893313266327787
-2.6276276276276276 -2.959528119829436
-2.6216216216216215 -2.9804836088458226
-2.6156156156156154 -2.371857868897356
-2.6096096096096097 -2.202737601038363
-2.6036036036036037 -2.6252066400777037
-2.5975975975975976 -2.2965377282299904
-2.5915915915915915 -2.483100784077301
-2.5855855855855854 -2.779121511967123
-2.5795795795795797 -2.4711608979270556
-2.5735735735735736 -2.112162603633783
-2.5675675675675675 -2.578315379300553
-2.5615615615615615 -2.0921684648173597
-2.5555555555555554 -3.3414790867824786
-2.5495495495495497 -2.3029787982369827
-2.5435435435435436 -2.5174294230720924
-2.5375375375375375 -2.6272397426772978
-2.5315315315315314 -2.504003298570881
-2.5255255255255253 -3.121796199905793
-2.5195195195195197 -2.5854210858707734
-2.5135135135135136 -2.4063797420599897
-2.5075075075075075 -2.0641392940850527
-2.5015015015015014 -2.656982566983596
-2.4954954954954953 -2.7380435763634514
-2.4894894894894897 -2.6400166025648506
-2.4834834834834836 -2.208862848172861
-2.4774774774774775 -2.378852144579572
-2.4714714714714714 -2.630399532601583
-2.4654654654654653 -2.3114852355314586
-2.4594594594594597 -2.4303361946550477
-2.4534534534534536 -2.1628599562935866
-2.4474474474474475 -2.658063375610653
-2.4414414414414414 -2.539740085420772
-2.4354354354354353 -2.5530678813750827
-2.4294294294294296 -2.868483913869065
-2.4234234234234235 -2.3345873403040507
-2.4174174174174174 -2.3391008357634506
-2.4114114114114114 -2.4098773744186732
-2.4054054054054053 -2.4757815454179495
-2.3993993993993996 -2.824010622014524
-2.3933933933933935 -2.5195869902230013
-2.3873873873873874 -2.4902017423454184
-2.3813813813813813 -2.622064562147867
-2.3753753753753752 -2.423761088875178
-2.3693693693693696 -2.248154112325008
-2.3633633633633635 -1.7975075930002045
-2.3573573573573574 -2.3049840135078057
-2.3513513513513513 -2.274086234134522
-2.3453453453453452 -2.3676791200751954
-2.3393393393393396 -2.914970703929052
-2.3333333333333335 -2.3412874959680985
-2.3273273273273274 -2.3092582643450195
-2.3213213213213213 -1.5823486875757355
-2.315315315315315 -2.373023604749652
-2.3093093093093096 -2.218845106609226
-2.3033033033033035 -2.3137168342148766
-2.2972972972972974 -2.647900708583157
-2.2912912912912913 -1.9484444469367852
-2.285285285285285 -2.059705375479253
-2.2792792792792795 -2.0419696951663653
-2.2732732732732734 -2.5460895097116953
-2.2672672672672673 -1.8464289739864377
-2.2612612612612613 -2.6818165800989453
-2.255255255255255 -2.0791981271151743
-2.2492492492492495 -1.592112561506256
-2.243243243243243 -2.5404041407824494
-2.2372372372372373 -2.407126556118069
-2.2312312312312312 -2.201335821704939
-2.225225225225225 -2.376267921460085
-2.2192192192192195 -2.6844182485390595
-2.213213213213213 -2.1926443207714046
-2.2072072072072073 -2.5258983213250388
-2.201201201201201 -2.0591234720106466
-2.195195195195195 -2.471022465465336
-2.189189189189189 -1.7242088676839273
-2.183183183183183 -2.418159170884054
-2.1771771771771773 -2.27379563203888
-2.171171171171171 -1.9271160059602703
-2.165165165165165 -2.5344244600953516
-2.159159159159159 -2.0909211787779203
-2.153153153153153 -1.7610103268684245
-2.1471471471471473 -2.6293921175155157
-2.141141141141141 -2.08575098358145
-2.135135135135135 -2.057170296860608
-2.129129129129129 -1.8945822675959358
-2.123123123123123 -2.4942083363865475
-2.1171171171171173 -2.5132541010424
-2.111111111111111 -1.9545286414260419
-2.105105105105105 -2.016009703135149
-2.099099099099099 -2.023951243995336
-2.093093093093093 -1.989158630244
-2.0870870870870872 -2.2910945035606343
-2.081081081081081 -2.0114049719327802
-2.075075075075075 -1.9871533330854707
-2.069069069069069 -2.283374494476979
-2.063063063063063 -1.503330709719636
-2.057057057057057 -1.914907180783521
-2.051051051051051 -2.408442100211846
-2.045045045045045 -1.8480789624548961
-2.039039039039039 -2.3314435401072355
-2.033033033033033 -1.7969076519102973
-2.027027027027027 -1.679448353324806
-2.021021021021021 -2.2672257165265344
-2.015015015015015 -1.7260021762417184
-2.009009009009009 -1.8851747309280595
-2.003003003003003 -1.7563849550046557
-1.996996996996997 -1.4279591022008127
-1.990990990990991 -2.064607425791852
-1.984984984984985 -2.2111058342922316
-1.978978978978979 -2.245833307866636
-1.972972972972973 -2.2177160584626043
-1.966966966966967 -1.990097479791198
-1.960960960960961 -1.8586153685159679
-1.954954954954955 -1.8719477151559492
-1.9489489489489489 -1.7007939742381417
-1.942942942942943 -1.939042375379571
-1.936936936936937 -1.5008767137897419
-1.930930930930931 -2.010327980902318
-1.924924924924925 -1.1088741749480393
-1.9189189189189189 -1.7312187145894171
-1.912912912912913 -2.170060179837798
-1.906906906906907 -2.2281746563252405
-1.9009009009009008 -1.7561591763279452
-1.894894894894895 -1.9619337304926503
-1.8888888888888888 -1.6746887406612612
-1.882882882882883 -1.7409115955108194
-1.8768768768768769 -1.8987255506739387
-1.8708708708708708 -2.124908986291392
-1.864864864864865 -2.3193190322706245
-1.8588588588588588 -1.992813344478965
-1.852852852852853 -1.5959332145558114
-1.8468468468468469 -1.7826187236077857
-1.8408408408408408 -2.214562474454437
-1.834834834834835 -1.7828805570794803
-1.8288288288288288 -1.7132336149101777
-1.822822822822823 -2.0879800536831628
-1.8168168168168168 -1.7706992850331584
-1.8108108108108107 -1.7933481952770107
-1.8048048048048049 -2.147695894153992
-1.7987987987987988 -1.6914625906943137
-1.792792792792793 -1.6245574348823226
-1.7867867867867868 -1.4618714138342037
-1.7807807807807807 -1.4646401651703098
-1.7747747747747749 -2.188075585161902
-1.7687687687687688 -2.0501162807433055
-1.7627627627627627 -1.6082521826001648
-1.7567567567567568 -1.6026209714830941
-1.7507507507507507 -1.5962364448589363
-1.7447447447447448 -0.5889252975483286
-1.7387387387387387 -1.5674715855307886
-1.7327327327327327 -1.392063040678553
-1.7267267267267268 -1.440526197678766
-1.7207207207207207 -1.5253033453289813
-1.7147147147147148 -1.8092954881068184
-1.7087087087087087 -1.4810179425607286
-1.7027027027027026 -1.9345502670639743
-1.6966966966966968 -1.7677422787186994
-1.6906906906906907 -1.8362997550394218
-1.6846846846846848 -1.660122442868788
-1.6786786786786787 -0.9842811086766261
-1.6726726726726726 -2.232852230450197
-1.6666666666666667 -1.4607886095543128
-1.6606606606606606 -2.144475422017556
-1.6546546546546548 -1.796234214391485
-1.6486486486486487 -1.3219634695584388
-1.6426426426426426 -1.6233586369140038
-1.6366366366366367 -1.9599600700154285
-1.6306306306306306 -1.845221743408621
-1.6246246246246245 -1.4207452999442218
-1.6186186186186187 -1.8377286081337596
-1.6126126126126126 -1.54767503573802
-1.6066066066066067 -1.5929350546354626
-1.6006006006006006 -1.7960807048823457
-1.5945945945945945 -0.9514113677969969
-1.5885885885885886 -1.3984128818931854
-1.5825825825825826 -2.1901253585798646
-1.5765765765765767 -1.5206402821457483
-1.5705705705705706 -1.769106510001087
-1.5645645645645645 -1.3088345641256973
-1.5585585585585586 -1.7963147800883688
-1.5525525525525525 -1.5869734849926223
-1.5465465465465467 -1.3950503628524096
-1.5405405405405406 -1.2808139822895042
-1.5345345345345345 -1.8946234566512674
-1.5285285285285286 -1.6288788992808132
-1.5225225225225225 -1.6650061158708094
-1.5165165165165164 -1.71251528628863
-1.5105105105105106 -0.9808742384261815
-1.5045045045045045 -1.3830099912162177
-1.4984984984984986 -1.8767636847990121
-1.4924924924924925 -1.2171339083760597
-1.4864864864864864 -0.8498396273826965
-1.4804804804804805 -1.1707409023151365
-1.4744744744744744 -1.9302854642606784
-1.4684684684684686 -1.613738690328344
-1.4624624624624625 -1.0823891177064757
-1.4564564564564564 -1.6687572961420907
-1.4504504504504505 -1.317304622006582
-1.4444444444444444 -1.2120542284156435
-1.4384384384384385 -1.7165175799118635
-1.4324324324324325 -1.4502900392509726
-1.4264264264264264 -2.398806628447148
-1.4204204204204205 -1.7277367128207075
-1.4144144144144144 -1.4901848598323624
-1.4084084084084085 -1.7827433629978633
-1.4024024024024024 -0.912679011222912
-1.3963963963963963 -1.8254388097845862
-1.3903903903903905 -1.5224037363994856
-1.3843843843843844 -1.345162211198557
-1.3783783783783783 -0.9459963916585437
-1.3723723723723724 -1.803131017726204
-1.3663663663663663 -1.0174172407198785
-1.3603603603603605 -1.3572904420544842
-1.3543543543543544 -1.6488069496687396
-1.3483483483483483 -1.2097173060693671
-1.3423423423423424 -1.2826244336703014
-1.3363363363363363 -1.5164013994839747
-1.3303303303303304 -1.3093897048333247
-1.3243243243243243 -1.4399184033828525
-1.3183183183183182 -1.2842631147429437
-1.3123123123123124 -1.1136731099559984
-1.3063063063063063 -0.8305012614627008
-1.3003003003003004 -1.6716449499483552
-1.2942942942942943 -0.6543842818974144
-1.2882882882882882 -1.8739146281450387
-1.2822822822822824 -1.3278178107929572
-1.2762762762762763 -1.0997811143309033
-1.2702702702702702 -1.1859727099497603
-1.2642642642642643 -1.4510741202104425
-1.2582582582582582 -1.3206949333654407
-1.2522522522522523 -1.4001525326499022
-1.2462462462462462 -1.4230556733295097
-1.2402402402402402 -0.9853596111339328
-1.2342342342342343 -1.12712958844472
-1.2282282282282282 -1.4361011068064244
-1.2222222222222223 -0.952342259592247
-1.2162162162162162 -1.1240263599532334
-1.2102102102102101 -0.966351574558522
-1.2042042042042043 -1.0153155516271206
-1.1981981981981982 -1.4468967014748197
-1.1921921921921923 -1.3602465042512832
-1.1861861861861862 -0.9619981046492077
-1.1801801801801801 -0.9970691005501406
-1.1741741741741742 -1.1804446523634187
-1.1681681681681682 -1.1329699531755335
-1.1621621621621623 -0.7788626934256349
-1.1561561561561562 -1.3336275728069051
-1.15015015015015 -0.9860209357991387
-1.1441441441441442 -1.2048019398743124
-1.1381381381381381 -1.2034424991063042
-1.132132132132132 -0.802499076535975
-1.1261261261261262 -0.8785012214297172
-1.12012012012012 -0.8760672293199285
-1.1141141141141142 -0.7224704719678154
-1.1081081081081081 -1.1018069556182803
-1.102102102102102 -0.8975162107136129
-1.0960960960960962 -1.189176123074133
-1.09009009009009 -0.9928401843435575
-1.0840840840840842 -1.1231270003943896
-1.078078078078078 -1.0489792885802627
-1.072072072072072 -0.8935249644409979
-1.0660660660660661 -1.311532271036108
-1.06006006006006 -0.43234387735442203
-1.0540540540540542 -1.3558592685039648
-1.048048048048048 -1.4123046318843677
-1.042042042042042 -0.6946087799920216
-1.0360360360360361 -0.7985372278471554
-1.03003003003003 -0.8427940849143835
-1.0240240240240241 -0.8355203712447402
-1.018018018018018 -1.0216920498720925
-1.012012012012012 -1.2811883234577615
-1.006006006006006 -0.9832646385478881
-1.0 -1.2031485134536335
-0.9939939939939939 -0.7014580739686685
-0.9879879879879878 -1.0321052024386295
-0.9819819819819822 -1.2296311410197356
-0.9759759759759761 -1.072391728471874
-0.96996996996997 -0.8460905336872827
-0.9639639639639639 -1.1330813298051563
-0.9579579579579578 -1.2046240766278873
-0.9519519519519521 -0.8788457885043784
-0.945945945945946 -0.8724559746133292
-0.93993993993994 -1.092022892551279
-0.9339339339339339 -1.0752454256194306
-0.9279279279279278 -0.8583129467206368
-0.9219219219219221 -1.3563472243711194
-0.915915915915916 -1.3381550482288826
-0.9099099099099099 -1.1254431762856407
-0.9039039039039038 -0.967938049417458
-0.8978978978978978 -0.8046256282184964
-0.8918918918918921 -0.44928502680702653
-0.885885885885886 -0.6285879989252803
-0.8798798798798799 -0.927861438868908
-0.8738738738738738 -0.8795787362446805
-0.8678678678678677 -1.1686266772592104
-0.8618618618618621 -0.8674158026595791
-0.855855855855856 -0.9424534475318975
-0.8498498498498499 -0.753034281748423
-0.8438438438438438 -1.0920131269095408
-0.8378378378378377 -0.682033883565486
-0.8318318318318321 -0.3720101579310588
-0.825825825825826 -0.8584538703628832
-0.8198198198198199 -0.6993063031901374
-0.8138138138138138 -0.60677061630048
-0.8078078078078077 -0.9281739493735586
-0.8018018018018016 -0.7345740572586765
-0.795795795795796 -0.7920180755612575
-0.7897897897897899 -0.7604869602251404
-0.7837837837837838 -1.0156867189404237
-0.7777777777777777 -0.7704247255000949
-0.7717717717717716 -0.6223722843981366
-0.7657657657657659 -0.33042268342725345
-0.7597597597597598 -0.4719785119341978
-0.7537537537537538 -0.10779901650028689
-0.7477477477477477 -0.9779520166141625
-0.7417417417417416 -0.4800455507255381
-0.7357357357357359 -0.6807331340142304
-0.7297297297297298 -0.07278884976442812
-0.7237237237237237 -0.9662132093302691
-0.7177177177177176 -0.9696342703719505
-0.7117117117117115 -0.8915295053449181
-0.7057057057057059 -1.3428744229986478
-0.6996996996996998 -0.8574262062039282
-0.6936936936936937 -0.9214334921598031
-0.6876876876876876 -0.6425695517448253
-0.6816816816816815 -0.5791548889485337
-0.6756756756756759 -0.11282442391091008
-0.6696696696696698 -0.3845425182138547
-0.6636636636636637 -0.8367347603623846
-0.6576576576576576 -0.927182059062165
-0.6516516516516515 -0.5040759001996998
-0.6456456456456459 -1.0417156077518386
-0.6396396396396398 -0.09020200988333371
-0.6336336336336337 -0.2798015974172476
-0.6276276276276276 -0.768380323259039
-0.6216216216216215 -1.1355619803488848
-0.6156156156156158 -0.209453903365992
-0.6096096096096097 -0.6439715631853951
-0.6036036036036037 -0.23225871001156512
-0.5975975975975976 -1.0759258952359076
-0.5915915915915915 -0.7714040984777233
-0.5855855855855858 -0.5840124756701309
-0.5795795795795797 -0.5654854014501571
-0.5735735735735736 -0.7085932150173467
-0.5675675675675675 -0.38071258786331796
-0.5615615615615615 -0.8818476903763397
-0.5555555555555554 -0.5982694010619434
-0.5495495495495497 -0.51346086003598
-0.5435435435435436 -0.3892118933259189
-0.5375375375375375 -0.3240530741108706
-0.5315315315315314 -0.8689241590828922
-0.5255255255255253 -0.9857597767462121
-0.5195195195195197 -0.13621647294996697
-0.5135135135135136 -0.4138193099196361
-0.5075075075075075 -0.7320534684744736
-0.5015015015015014 -0.036155908844744566
-0.4954954954954953 -0.4607931052076377
-0.48948948948948967 -0.13570033427034173
-0.4834834834834836 -0.4632279390604509
-0.4774774774774775 0.14074689998711865
-0.4714714714714714 0.05513078126148996
-0.4654654654654653 -0.5401547100091874
-0.45945945945945965 -0.16798817417315304
-0.45345345345345356 -0.25984066857790933
-0.44744744744744747 -0.03685798018774289
-0.4414414414414414 -0.7309184796154726
-0.4354354354354353 -0.2296199974359035
-0.42942942942942963 -0.11190208337455332
-0.42342342342342354 -0.9510452693503578
-0.41741741741741745 -0.77239497121715
-0.41141141141141135 -1.0231810647394415
-0.40540540540540526 -0.4862274557387726
-0.3993993993993996 -0.18413672266061093
-0.3933933933933935 0.057313722235414866
-0.3873873873873874 -0.36515895326145487
-0.38138138138138133 0.1072032822900062
-0.37537537537537524 -0.7894058128398427
-0.3693693693693696 -0.8803841011759159
-0.3633633633633635 -0.38002767303234913
-0.3573573573573574 -0.24213772267556521
-0.3513513513513513 -0.36115977577957925
-0.3453453453453452 -0.9655779753573082
-0.3393393393393396 -0.3660753511931761
-0.3333333333333335 -0.7246741834847894
-0.3273273273273274 -0.12642556267831587
-0.3213213213213213 -0.2113418474922668
-0.3153153153153152 -0.5972792512135218
-0.30930930930930955 -0.4634693845103176
-0.30330330330330346 -0.621067359869989
-0.29729729729729737 -0.3161010264792489
-0.2912912912912913 -0.004748595140919798
-0.2852852852852852 -0.5810030991859483
-0.2792792792792791 -0.12806532462392578
-0.27327327327327344 -0.43235055878500567
-0.26726726726726735 -0.5051291169459706
-0.26126126126126126 -0.2933703692476286
-0.25525525525525516 -0.5658279519810674
-0.24924924924924907 -0.4153440408534037
-0.24324324324324342 -0.602606611019898
-0.23723723723723733 0.3521803026376794
-0.23123123123123124 -0.22065216563971266
-0.22522522522522515 -0.43514287762300086
-0.21921921921921905 -0.15502524599895245
-0.2132132132132134 -0.24691162812046236
-0.2072072072072073 -0.2734980870671742
-0.20120120120120122 -0.016951191188173648
-0.19519519519519513 0.032057117818996395
-0.18918918918918903 -0.34833953347234725
-0.18318318318318338 -0.35592865537658736
-0.1771771771771773 -0.2596926863226705
-0.1711711711711712 -0.8617475205918467
-0.1651651651651651 -0.6197224838247308
-0.159159159159159 0.2509031210741984
-0.15315315315315337 0.3403371608972317
-0.14714714714714727 -0.22185795901406075
-0.14114114114114118 0.03182594777558875
-0.1351351351351351 -0.04176008877207425
-0.129129129129129 0.7945351134074423
-0.12312312312312335 0.21274935030724967
-0.11711711711711725 -0.15549239456134722
-0.11111111111111116 -0.39777324329123886
-0.10510510510510507 -0.5870390011823767
-0.09909909909909898 -0.03806000833893205
-0.09309309309309333 -0.3199983166783843
-0.08708708708708723 -0.5137631999663894
-0.08108108108108114 -0.27505294635383915
-0.07507507507507505 -0.3995394761593935
-0.06906906906906896 0.43707342145270045
-0.06306306306306331 0.20142886402177185
-0.057057057057057214 -0.05944884945204243
-0.05105105105105112 0.39293219061595663
-0.04504504504504503 -0.021834552750759538
-0.039039039039038936 -0.297424299437518
-0.033033033033032844 0.4239041901478643
-0.027027027027027195 0.1346459860783704
-0.021021021021021102 -0.33219486731895803
-0.01501501501501501 -0.07211661844009747
-0.009009009009008917 -0.27169448502443605
-0.0030030030030028243 -0.41784292229230363
0.0030030030030028243 0.28085626726249524
0.009009009009008917 0.581834001150048
0.01501501501501501 -0.4045552571307273
0.021021021021021102 0.18991179202819236
0.027027027027027195 -0.1681657437095209
0.033033033033032844 -0.11310458209637597
0.039039039039038936 -0.13867913823262182
0.04504504504504503 -0.21415218585889978
0.05105105105105112 0.06560753943449922
0.057057057057057214 -0.19222797786625412
0.06306306306306286 0.1442001107970145
0.06906906906906896 0.05399763623432787
0.07507507507507505 0.0033906610151521327
0.08108108108108114 -0.1911880175313982
0.08708708708708723 -0.08594431208341258
0.09309309309309288 0.31971046084081967
0.09909909909909898 0.2493742553864132
0.10510510510510507 -0.18816146833446024
0.11111111111111116 0.1409108027398789
0.11711711711711725 0.342533254128654
0.1231231231231229 -0.37769846121328865
0.129129129129129 0.2921371868431095
0.1351351351351351 -0.06365199254861892
0.14114114114114118 0.31232074171908897
0.14714714714714727 -0.08183059981560778
0.15315315315315292 -0.3883114770462027
0.159159159159159 -0.3291035722057898
0.1651651651651651 0.1795906491635797
0.1711711711711712 0.24908792168761576
0.1771771771771773 -0.09411781035414529
0.18318318318318294 0.3747609208163951
0.18918918918918903 -0.3092668294914989
0.19519519519519513 0.17537125560100014
0.20120120120120122 -0.1621036587275358
0.2072072072072073 0.011656374866559571
0.2132132132132134 0.2274328146081376
0.21921921921921905 -0.03890479036596667
0.22522522522522515 0.10985856195627755
0.23123123123123124 0.5331190739955634
0.23723723723723733 0.06416967638029272
0.24324324324324342 0.49395087686278594
0.24924924924924907 -0.08966280714803637
0.25525525525525516 0.41419650862984003
0.26126126126126126 0.6937318474586314
0.26726726726726735 -0.4742260827709194
0.27327327327327344 0.03420469663213041
0.2792792792792791 0.45240091743344113
0.2852852852852852 0.22437166947238738
0.2912912912912913 0.4026350533026839
0.29729729729729737 0.11610174128255121
0.30330330330330346 0.32928023954517344
0.3093093093093091 0.26260613869168525
0.3153153153153152 0.6656499338132573
0.3213213213213213 0.39764757431168524
0.3273273273273274 0.42860812594988806
0.3333333333333335 0.2097702434965933
0.33933933933933913 0.19305747211759108
0.3453453453453452 0.21557788899945896
0.3513513513513513 0.4696869940648404
0.3573573573573574 0.23106201311127852
0.3633633633633635 0.4502958204322874
0.36936936936936915 0.9919896089630008
0.37537537537537524 0.6367127864048829
0.38138138138138133 0.283574321731029
0.3873873873873874 0.7477515640365708
0.3933933933933935 0.2709707814869281
0.39939939939939917 -0.212037961153957
0.40540540540540526 0.10297951213018403
0.41141141141141135 -0.14982616489634537
0.41741741741741745 0.31196337220502485
0.42342342342342354 0.42894893718028904
0.4294294294294292 0.932360623112014
0.4354354354354353 0.5335136475646841
0.4414414414414414 0.3757112827987821
0.44744744744744747 0.6962691218024942
0.45345345345345356 -0.209887139248912
0.45945945945945965 0.5301438268920294
0.4654654654654653 0.6967250236315553
0.4714714714714714 0.02789559773751893
0.4774774774774775 0.8206036904395562
0.4834834834834836 0.5850324057318078
0.48948948948948967 0.3649031153192493
0.4954954954954953 0.6853300553273808
0.5015015015015014 1.1827093588428201
0.5075075075075075 0.5620673840250561
0.5135135135135136 0.5879796894036144
0.5195195195195197 0.38171124965744646
0.5255255255255253 0.27057221468608783
0.5315315315315314 0.780632276494805
0.5375375375375375 0.2807123897648774
0.5435435435435436 0.5650134147093614
0.5495495495495497 0.40625231552001473
0.5555555555555554 0.6992495032794729
0.5615615615615615 0.6616601931476459
0.5675675675675675 0.8788295508449373
0.5735735735735736 0.42056865391714954
0.5795795795795797 0.49861709899156836
0.5855855855855854 0.29195647085089316
0.5915915915915915 0.45830361356875804
0.5975975975975976 0.7107877455110532
0.6036036036036037 0.8307001885972092
0.6096096096096097 0.3329600123563221
0.6156156156156154 0.8764973916473134
0.6216216216216215 1.0283129792631067
0.6276276276276276 0.7516580985947379
0.6336336336336337 1.1966723774010535
0.6396396396396398 0.40750287990856787
0.6456456456456454 0.27224923465222034
0.6516516516516515 0.11803557698036793
0.6576576576576576 1.1064709511044124
0.6636636636636637 0.859973360569881
0.6696696696696698 0.6529942683965333
0.6756756756756754 0.7596662635716215
0.6816816816816815 0.3440349674921686
0.6876876876876876 1.4214132815727356
0.6936936936936937 0.732460048286262
0.6996996996996998 0.7325181380811676
0.7057057057057055 0.923435692875313
0.7117117117117115 0.8560144812327255
0.7177177177177176 0.7848829250014571
0.7237237237237237 0.48658138709013016
0.7297297297297298 0.8711702368705285
0.7357357357357359 1.300343084678246
0.7417417417417416 1.145367755588235
0.7477477477477477 1.2257037357395668
0.7537537537537538 0.6003890508243982
0.7597597597597598 0.46287831368218557
0.7657657657657659 0.7280296897358715
0.7717717717717716 0.78848924545838
0.7777777777777777 1.1060352333190622
0.7837837837837838 0.27604439486933796
0.7897897897897899 1.248654885627974
0.795795795795796 0.7483934262220991
0.8018018018018016 0.6737374808175756
0.8078078078078077 0.5041764952297574
0.8138138138138138 0.317356812254083
0.8198198198198199 1.0667709950083943
0.825825825825826 0.8478212159823472
0.8318318318318316 0.44484356190951546
0.8378378378378377 0.4493142062187529
0.8438438438438438 0.7431084340568054
0.8498498498498499 1.3505563074366678
0.855855855855856 0.7779784504467746
0.8618618618618616 0.4109189759264298
0.8678678678678677 0.7941449486420844
0.8738738738738738 0.7920568029495727
0.8798798798798799 0.07081388699740843
0.885885885885886 0.8695974259305423
0.8918918918918917 0.8226115328292882
0.8978978978978978 1.1067598073419234
0.9039039039039038 1.4585907323875074
0.9099099099099099 1.2478794187742372
0.915915915915916 0.8352493087494669
0.9219219219219217 0.5899641492994205
0.9279279279279278 1.6999358689028858
0.9339339339339339 0.9516994641382803
0.93993993993994 0.9441187275138239
0.945945945945946 0.9387084198129451
0.9519519519519517 1.0113773801823083
0.9579579579579578 0.9146498343807751
0.9639639639639639 0.791865361899893
0.96996996996997 0.8059122875978524
0.9759759759759761 0.9661499949111766
0.9819819819819822 0.8189545506418527
0.9879879879879878 0.7741342531848385
0.9939939939939939 1.025923062301563
1.0 0.9235068347737434
1.0060060060060056 1.4572039025808121
1.0120120120120122 0.21672106949410863
1.0180180180180178 1.3454700735947562
1.0240240240240244 1.397849581773313
1.03003003003003 0.40801296030758516
1.0360360360360357 0.9332297578119311
1.0420420420420422 0.9306097822433048
1.0480480480480479 0.6257945396327015
1.0540540540540544 0.8207090477767918
1.06006006006006 0.7268873064203114
1.0660660660660657 1.5917471990931524
1.0720720720720722 1.3527755900163105
1.0780780780780779 1.4595446065763256
1.0840840840840844 1.300585703297055
1.09009009009009 0.7513745587249213
1.0960960960960957 0.9387400162121636
1.1021021021021022 1.2489144704704778
1.108108108108108 0.7414697654405242
1.1141141141141144 1.328013643165831
1.12012012012012 1.0480225006726795
1.1261261261261257 1.0136798838612464
1.1321321321321323 1.3454201225931797
1.138138138138138 1.2714171315839498
1.1441441441441444 1.0358542943984204
1.15015015015015 1.4979490911594244
1.1561561561561557 0.8318371578761865
1.1621621621621623 1.3469428442454414
1.168168168168168 1.3460985455586831
1.1741741741741745 1.0813102423799774
1.1801801801801801 1.2780200868528155
1.1861861861861858 0.8108521132705948
1.1921921921921923 1.4694002979542626
1.198198198198198 1.1427275572653013
1.2042042042042045 1.0473872980484926
1.2102102102102101 1.524912977961277
1.2162162162162158 1.004913109053388
1.2222222222222223 0.7996838333131544
1.228228228228228 0.7612394761710568
1.2342342342342345 1.4160372196379263
1.2402402402402402 0.8561114344913552
1.2462462462462458 1.7726845008415553
1.2522522522522523 0.6276734298871357
1.258258258258258 1.7671951687452694
1.2642642642642645 1.32756950442505
1.2702702702702702 1.2412563367091525
1.2762762762762758 1.112800550233591
1.2822822822822824 1.4020231165879036
1.288288288288288 1.2769978775608335
1.2942942942942945 1.625284858899251
1.3003003003003002 1.334568594898912
1.3063063063063058 1.351396834744869
1.3123123123123124 1.2032286486481556
1.318318318318318 1.3012346312019978
1.3243243243243246 1.4166648549919423
1.3303303303303302 0.8172798125333426
1.3363363363363359 0.931880709704622
1.3423423423423424 1.5653215705491568
1.348348348348348 1.3996079797867307
1.3543543543543546 1.2991593534485508
1.3603603603603602 1.3658905402799781
1.3663663663663668 1.470640877974868
1.3723723723723724 1.2104444682795639
1.378378378378378 1.1448869607576844
1.3843843843843846 1.4431379609136892
1.3903903903903903 1.0968785571058808
1.3963963963963968 1.5188722231107383
1.4024024024024024 0.8916273211310504
1.408408408408408 1.7171550996061011
1.4144144144144146 1.5561936591383274
1.4204204204204203 1.497229340714583
1.4264264264264268 1.721233721610081
1.4324324324324325 1.9320747657712054
1.438438438438438 1.7427494579438771
1.4444444444444446 0.8921821750449511
1.4504504504504503 1.06657736042974
1.4564564564564568 1.2690108831477531
1.4624624624624625 1.4702897775257127
1.4684684684684681 1.6237661746092051
1.4744744744744747 1.256751330528435
1.4804804804804803 1.5365105098236038
1.4864864864864868 1.25987160678049
1.4924924924924925 1.309037151594908
1.4984984984984981 1.0765001694440315
1.5045045045045047 1.2275345306712335
1.5105105105105103 1.1050051288256102
1.5165165165165169 1.223754540623317
1.5225225225225225 1.8386150615048744
1.5285285285285282 1.2437088618789454
1.5345345345345347 2.324249153985752
1.5405405405405403 1.688535910804807
1.5465465465465469 1.601997383655009
1.5525525525525525 1.2950452184981884
1.5585585585585582 1.7686515223812556
1.5645645645645647 1.3918732166932326
1.5705705705705704 1.6071735149641788
1.576576576576577 2.3446019380572154
1.5825825825825826 1.5537646126651876
1.5885885885885882 1.933370586474291
1.5945945945945947 1.3836416670568286
1.6006006006006004 1.5901040534515118
1.606606606606607 2.13784679729726
1.6126126126126126 1.4245224952762823
1.6186186186186182 2.1623531860176968
1.6246246246246248 1.8369502052612674
1.6306306306306304 1.4618905978623502
1.636636636636637 1.8263589583532933
1.6426426426426426 1.9344089775306617
1.6486486486486482 1.835191637313807
1.6546546546546548 1.183587238687518
1.6606606606606604 1.4425195079131998
1.666666666666667 1.5924110760012156
1.6726726726726726 1.6503426439426587
1.6786786786786783 1.8648803079438816
1.6846846846846848 1.737994984964661
1.6906906906906904 1.29008738307766
1.696696696696697 1.810756051998486
1.7027027027027026 1.8858784262878496
1.7087087087087083 1.8766458430880202
1.7147147147147148 2.038948932381101
1.7207207207207205 1.9708973670853918
1.726726726726727 1.864480750495258
1.7327327327327327 1.7116830192951384
1.7387387387387383 1.2404504586839409
1.7447447447447448 1.8736302104845206
1.7507507507507505 1.8130570568996838
1.756756756756757 1.838230407915369
1.7627627627627627 1.3797381900166699
1.7687687687687683 1.4444518066462897
1.7747747747747749 2.090720630774646
1.7807807807807805 1.768914234623784
1.786786786786787 1.9912369959985743
1.7927927927927927 1.801288305631931
1.7987987987987983 1.807725640647522
1.8048048048048049 2.086289946597604
1.8108108108108105 1.6559973923455984
1.816816816816817 1.8456530498991122
1.8228228228228227 1.68414023621131
1.8288288288288284 1.6984799605991336
1.834834834834835 1.742083197794243
1.8408408408408405 1.9074809723309545
1.846846846846847 1.703222260347804
1.8528528528528527 2.229579690524909
1.8588588588588584 1.5904766681930071
1.864864864864865 1.808803371616457
1.8708708708708706 1.7389515533886182
1.876876876876877 2.310970242182997
1.8828828828828827 1.9418493158363552
1.8888888888888893 2.19844225072948
1.894894894894895 1.4492267829838035
1.9009009009009006 1.9810159806616783
1.9069069069069071 2.173796145593938
1.9129129129129128 1.93759810969554
1.9189189189189193 2.2385630314385248
1.924924924924925 1.7697383898948134
1.9309309309309306 2.3537351629866046
1.9369369369369371 2.626606374022712
1.9429429429429428 1.834091374811045
1.9489489489489493 1.8152981925287177
1.954954954954955 2.390970298090265
1.9609609609609606 2.4348326046801745
1.9669669669669672 1.8101089588209867
1.9729729729729728 1.8469169278442157
1.9789789789789793 1.8944435963208273
1.984984984984985 1.5816498316747019
1.9909909909909906 1.7153954070457311
1.9969969969969972 1.6957547669713768
2.003003003003003 1.7726637334717643
2.0090090090090094 1.998603542792975
2.015015015015015 2.085279434775971
2.0210210210210207 2.4861711688652437
2.027027027027027 1.72752081480539
2.033033033033033 2.328329752576008
2.0390390390390394 1.9748423857713866
2.045045045045045 2.030205932149315
2.0510510510510507 2.253496898701032
2.057057057057057 1.7202404505883677
2.063063063063063 2.177785986918278
2.0690690690690694 2.119004731532986
2.075075075075075 2.2228104542775196
2.0810810810810807 2.167831674253426
2.0870870870870872 2.8236771290603553
2.093093093093093 1.901771097817698
2.0990990990990994 1.9398000125985542
2.105105105105105 1.9181629471776758
2.1111111111111107 1.9444679753630343
2.1171171171171173 1.925900978925162
2.123123123123123 2.4798280824553887
2.1291291291291294 2.555280403526086
2.135135135135135 1.9639112470102922
2.1411411411411407 1.8914344692098721
2.1471471471471473 2.2885718140630686
2.153153153153153 1.9874862398688615
2.1591591591591595 2.3490387044858125
2.165165165165165 2.226042071420555
2.1711711711711708 1.7164479366720011
2.1771771771771773 2.641428737576196
2.183183183183183 2.7219464851118396
2.1891891891891895 2.005352582043874
2.195195195195195 2.0788847272143998
2.2012012012012008 2.286960818418672
2.2072072072072073 2.307544244203315
2.213213213213213 2.410776495015062
2.2192192192192195 2.8222805808491245
2.225225225225225 2.1721410569770105
2.231231231231231 1.9917420578696947
2.2372372372372373 1.823441468832879
2.243243243243243 2.0239642312606674
2.2492492492492495 2.2393111573871103
2.255255255255255 2.7936226143105913
2.261261261261261 2.1059778715504094
2.2672672672672673 2.3344036527589367
2.273273273273273 2.268346404451447
2.2792792792792795 2.6357972613137046
2.285285285285285 3.0433650130473717
2.291291291291291 2.1320306594151948
2.2972972972972974 2.150465464541831
2.303303303303303 2.6165515664240244
2.3093093093093096 2.513876756197203
2.315315315315315 2.8693275130361253
2.321321321321321 2.49649977691911
2.3273273273273274 2.2195397000912096
2.333333333333333 2.5105297825410258
2.3393393393393396 2.671950413514212
2.3453453453453452 2.5914899997045544
2.351351351351351 2.50353356068354
2.3573573573573574 2.6773597642341036
2.363363363363363 2.7141520404970647
2.3693693693693696 2.7840170666806277
2.3753753753753752 2.569988341652268
2.381381381381381 2.3312459572863244
2.3873873873873874 2.4314014933173844
2.393393393393393 2.7553460833459003
2.3993993993993996 2.154318698103229
2.4054054054054053 2.5160073980672757
2.411411411411412 2.2934097677132037
2.4174174174174174 2.4260408642978626
2.423423423423423 2.8069589822056127
2.4294294294294296 2.4867591498354007
2.4354354354354353 2.44936639988228
2.441441441441442 2.033484599147466
2.4474474474474475 2.6713235172556136
2.453453453453453 2.647098707795776
2.4594594594594597 3.1084358764510975
2.4654654654654653 2.373131994979565
2.471471471471472 2.5372165697706537
2.4774774774774775 2.552292582590704
2.483483483483483 2.9567194674125252
2.4894894894894897 2.460900829773404
2.4954954954954953 2.579201953226597
2.501501501501502 2.6838704544164638
2.5075075075075075 2.5634902444544148
2.513513513513513 2.379583429148355
2.5195195195195197 2.577746517389012
2.5255255255255253 2.8476150504834568
2.531531531531532 2.2235769417082136
2.5375375375375375 2.5774284397816003
2.543543543543543 2.3335072990617913
2.5495495495495497 2.9080635382270024
2.5555555555555554 2.098599484120423
2.561561561561562 2.3938850073800855
2.5675675675675675 2.6807311300869237
2.573573573573573 3.0432307823438753
2.5795795795795797 2.5598545012576834
2.5855855855855854 2.4190257275776257
2.591591591591592 3.1559387124237688
2.5975975975975976 2.1631934274727245
2.603603603603603 1.9439618166175787
2.6096096096096097 2.7416139446256094
2.6156156156156154 2.4649993483098322
2.621621621621622 2.315251776482408
2.6276276276276276 2.8401345618174334
2.6336336336336332 2.706773847764993
2.6396396396396398 2.4704160504186214
2.6456456456456454 2.261554326044377
2.651651651651652 2.9133888501356955
2.6576576576576576 2.8527180110452557
2.6636636636636633 2.6339109045298486
2.66966966966967 3.2236607684839695
2.6756756756756754 2.3546502457778296
2.681681681681682 2.2240241304042603
2.6876876876876876 2.480115266723314
2.6936936936936933 2.680017888787044
2.6996996996997 2.772701534496507
2.7057057057057055 2.6333348883488066
2.711711711711712 2.817328330666001
2.7177177177177176 2.3422558904605846
2.7237237237237233 3.156853104945701
2.72972972972973 2.705084376211959
2.7357357357357355 3.0709244852121738
2.741741741741742 2.8445593456550533
2.7477477477477477 2.8847737134938827
2.7537537537537533 2.9246839378234144
2.75975975975976 2.8940723277649543
2.7657657657657655 2.9585825937260286
2.771771771771772 3.1705175308115017
2.7777777777777777 2.8367341286882186
2.7837837837837833 2.996484911060337
2.78978978978979 2.762869081503622
2.7957957957957955 3.227830960430637
2.801801801801802 2.598884111184021
2.8078078078078077 3.3480899376810522
2.8138138138138133 2.8017664286205104
2.81981981981982 2.3905872891844053
2.8258258258258255 2.8642571502990624
2.831831831831832 2.6275163345893677
2.8378378378378377 3.090030902534455
2.8438438438438434 2.648056650053126
2.84984984984985 2.715994819885416
2.8558558558558556 2.2889936365721963
2.861861861861862 2.7261699660871392
2.8678678678678677 2.1407040698791806
2.8738738738738734 2.3987030268281564
2.87987987987988 3.108004276723169
2.8858858858858856 3.1216259334811354
2.891891891891892 3.0195291604273815
2.8978978978978978 2.607805054959134
2.9039039039039043 2.8895904970613104
2.90990990990991 2.9088291481827393
2.9159159159159156 2.568406509158153
2.921921921921922 3.372941412452067
2.9279279279279278 3.1911366151006293
2.9339339339339343 2.867644681785035
2.93993993993994 2.9480056916382993
2.9459459459459456 3.0084607883302112
2.951951951951952 2.3394314914246648
2.957957957957958 2.883804743201779
2.9639639639639643 2.7593686895646248
2.96996996996997 2.6694839670014954
2.9759759759759756 2.891645888110189
2.981981981981982 3.5212879400368386
2.987987987987988 3.1802408463680907
2.9939939939939944 2.8226402970591553
3.0 3.1717748344068477
